56
LC730539   0.0000000 0.0212084 0.0206045 0.0193847 0.0188695 0.0193984 0.0194090 0.0193984 0.0194326 0.0194326 0.0196071 0.0194197 0.0200027 0.0200136 0.0194186 0.0206956 0.0200323 0.0200235 0.0205499 0.0205894 0.0200346 0.0200370 0.0200469 0.0218237 0.0206384 0.0211978 0.0211927 0.0212030 0.0215848 0.0218198 0.0230132 0.0219702 0.0206556 0.0184449 0.0209211 0.0204923 0.0218473 0.0200630 0.0194853 0.0207249 0.0220493 0.0195083 0.0208446 0.0224164 0.0231433 0.0218425 0.0202034 0.0198098 0.0236653 0.0195993 0.0182822 0.0217023 0.0201693 0.0229293 0.0044333 0.0053461 
cov4496    0.0212084 0.0000000 0.0028684 0.0017181 0.0017248 0.0017194 0.0017204 0.0017194 0.0017215 0.0017215 0.0023176 0.0017213 0.0022944 0.0022944 0.0017202 0.0028807 0.0022965 0.0022955 0.0017645 0.0028679 0.0028744 0.0022983 0.0022994 0.0034481 0.0028745 0.0034446 0.0034438 0.0034455 0.0035059 0.0040248 0.0051778 0.0046325 0.0028753 0.0017417 0.0029117 0.0024976 0.0040275 0.0011831 0.0017260 0.0028847 0.0046487 0.0017275 0.0014480 0.0045987 0.0052034 0.0040266 0.0023172 0.0011685 0.0057646 0.0017359 0.0012745 0.0029335 0.0019016 0.0055907 0.0000010 0.0000010 
cov4495    0.0206045 0.0028684 0.0000000 0.0011446 0.0011487 0.0011455 0.0011461 0.0011455 0.0011469 0.0011469 0.0017370 0.0011467 0.0017196 0.0017194 0.0011461 0.0023030 0.0017210 0.0017202 0.0023549 0.0022927 0.0022979 0.0017225 0.0017234 0.0028715 0.0022980 0.0028685 0.0028679 0.0028692 0.0029195 0.0034474 0.0045993 0.0040506 0.0022987 0.0017419 0.0029120 0.0024981 0.0034498 0.0017763 0.0011499 0.0023062 0.0040647 0.0011505 0.0014482 0.0040210 0.0046220 0.0034489 0.0023174 0.0017545 0.0051845 0.0011564 0.0019137 0.0035235 0.0025387 0.0055907 0.0000010 0.0000010 
cov4486    0.0193847 0.0017181 0.0011446 0.0000000 0.0000023 0.0000023 0.0000023 0.0000023 0.0000023 0.0000023 0.0005774 0.0000023 0.0005716 0.0005722 0.0000023 0.0011497 0.0005727 0.0005725 0.0011756 0.0011430 0.0011465 0.0005725 0.0005728 0.0022938 0.0011464 0.0017175 0.0017171 0.0017179 0.0017480 0.0022934 0.0034422 0.0028887 0.0011475 0.0005789 0.0017445 0.0018720 0.0022962 0.0005905 0.0000010 0.0011513 0.0028988 0.0000023 0.0007234 0.0028677 0.0034611 0.0022957 0.0011563 0.0005830 0.0040255 0.0000010 0.0006368 0.0023453 0.0012666 0.0055907 0.0000010 0.0000010 
covXXXX    0.0188695 0.0017248 0.0011487 0.0000023 0.0000000 0.0000023 0.0000023 0.0000023 0.0000023 0.0000023 0.0005774 0.0000023 0.0005736 0.0005736 0.0000023 0.0011497 0.0005735 0.0005735 0.0011756 0.0011485 0.0011499 0.0005738 0.0005741 0.0011497 0.0011497 0.0017249 0.0017245 0.0017244 0.0017558 0.0023041 0.0034582 0.0028957 0.0011494 0.0005789 0.0017445 0.0018720 0.0023029 0.0005905 0.0000023 0.0011513 0.0028988 0.0000023 0.0007234 0.0028795 0.0034633 0.0023024 0.0011609 0.0005830 0.0040379 0.0000023 0.0006368 0.0023453 0.0012666 0.0055907 0.0000010 0.0000010 
cov4418    0.0193984 0.0017194 0.0011455 0.0000023 0.0000023 0.0000000 0.0000023 0.0000023 0.0000023 0.0000023 0.0005774 0.0000023 0.0005716 0.0005722 0.0000023 0.0011497 0.0005727 0.0005725 0.0011756 0.0011445 0.0011465 0.0005726 0.0005729 0.0017196 0.0011457 0.0017184 0.0017179 0.0017188 0.0017489 0.0022949 0.0034444 0.0028906 0.0011475 0.0005789 0.0017445 0.0018720 0.0022977 0.0005905 0.0000010 0.0011513 0.0028988 0.0000023 0.0007234 0.0028695 0.0034611 0.0022957 0.0011565 0.0005830 0.0040255 0.0000010 0.0006368 0.0023453 0.0012666 0.0055907 0.0000010 0.0000010 
cov4425    0.0194090 0.0017204 0.0011461 0.0000023 0.0000023 0.0000023 0.0000000 0.0000010 0.0000023 0.0000023 0.0005774 0.0000010 0.0005720 0.0005722 0.0000023 0.0011497 0.0005727 0.0005725 0.0011756 0.0011451 0.0011470 0.0005728 0.0005728 0.0017196 0.0011464 0.0017193 0.0017189 0.0017197 0.0017499 0.0022961 0.0034463 0.0028906 0.0011474 0.0005789 0.0017445 0.0018720 0.0022977 0.0005905 0.0000010 0.0011513 0.0028988 0.0000023 0.0007234 0.0028711 0.0034611 0.0022969 0.0011572 0.0005830 0.0040283 0.0000010 0.0006368 0.0023453 0.0012666 0.0055907 0.0000010 0.0000010 
cov4411    0.0193984 0.0017194 0.0011455 0.0000023 0.0000023 0.0000023 0.0000010 0.0000000 0.0000023 0.0000023 0.0005774 0.0000010 0.0005716 0.0005719 0.0000023 0.0011497 0.0005724 0.0005722 0.0011756 0.0011445 0.0011464 0.0005725 0.0005728 0.0017196 0.0011464 0.0017184 0.0017179 0.0017188 0.0017489 0.0022949 0.0034444 0.0028906 0.0011474 0.0005789 0.0017445 0.0018720 0.0022977 0.0005905 0.0000010 0.0011513 0.0028988 0.0000023 0.0007234 0.0028695 0.0034611 0.0022957 0.0011565 0.0005830 0.0040261 0.0000010 0.0006368 0.0023453 0.0012666 0.0055907 0.0000010 0.0000010 
cov4422    0.0194326 0.0017215 0.0011469 0.0000023 0.0000023 0.0000023 0.0000023 0.0000023 0.0000000 0.0000010 0.0005774 0.0000023 0.0005726 0.0005726 0.0000010 0.0011497 0.0005731 0.0005728 0.0011756 0.0011467 0.0011485 0.0005732 0.0005735 0.0011478 0.0011478 0.0017216 0.0017212 0.0017220 0.0017522 0.0022989 0.0034504 0.0028941 0.0011474 0.0005789 0.0017445 0.0018720 0.0022977 0.0005905 0.0000010 0.0011513 0.0028988 0.0000023 0.0007234 0.0028729 0.0034611 0.0022984 0.0011590 0.0005830 0.0040287 0.0000010 0.0006368 0.0023453 0.0012666 0.0055907 0.0000010 0.0000010 
cov4410    0.0194326 0.0017215 0.0011469 0.0000023 0.0000023 0.0000023 0.0000023 0.0000023 0.0000010 0.0000000 0.0005774 0.0000023 0.0005726 0.0005726 0.0000010 0.0011497 0.0005731 0.0005728 0.0011756 0.0011467 0.0011485 0.0005732 0.0005735 0.0011478 0.0011478 0.0017216 0.0017212 0.0017220 0.0017522 0.0022989 0.0034504 0.0028941 0.0011474 0.0005789 0.0017445 0.0018720 0.0022977 0.0005905 0.0000010 0.0011513 0.0028988 0.0000023 0.0007234 0.0028729 0.0034611 0.0022984 0.0011590 0.0005830 0.0040287 0.0000010 0.0006368 0.0023453 0.0012666 0.0055907 0.0000010 0.0000010 
cov4485    0.0196071 0.0023176 0.0017370 0.0005774 0.0005774 0.0005774 0.0005774 0.0005774 0.0005774 0.0005774 0.0000000 0.0005774 0.0011571 0.0011571 0.0005777 0.0017367 0.0011569 0.0011570 0.0017647 0.0017367 0.0017369 0.0011571 0.0011570 0.0017367 0.0017367 0.0023177 0.0023172 0.0023170 0.0023593 0.0029015 0.0040645 0.0034808 0.0017371 0.0011609 0.0023277 0.0024980 0.0028985 0.0011832 0.0005774 0.0017391 0.0034812 0.0005777 0.0014482 0.0034810 0.0040664 0.0028994 0.0017454 0.0011687 0.0046490 0.0005791 0.0012746 0.0029338 0.0019018 0.0055907 0.0000010 0.0053461 
cov4424    0.0194197 0.0017213 0.0011467 0.0000023 0.0000023 0.0000023 0.0000010 0.0000010 0.0000023 0.0000023 0.0005774 0.0000000 0.0005723 0.0005725 0.0000023 0.0011497 0.0005724 0.0005725 0.0011756 0.0011457 0.0011464 0.0005732 0.0005734 0.0017215 0.0011477 0.0017202 0.0017198 0.0017197 0.0017509 0.0022974 0.0034482 0.0028906 0.0011486 0.0005789 0.0017445 0.0018720 0.0023002 0.0005905 0.0000010 0.0011513 0.0028988 0.0000023 0.0007234 0.0028726 0.0034611 0.0022969 0.0011578 0.0005830 0.0040305 0.0000010 0.0006368 0.0023453 0.0012666 0.0055907 0.0000010 0.0000010 
cov4401    0.0200027 0.0022944 0.0017196 0.0005716 0.0005736 0.0005716 0.0005720 0.0005716 0.0005726 0.0005726 0.0011571 0.0005723 0.0000000 0.0000023 0.0005722 0.0017259 0.0011464 0.0011459 0.0005866 0.0017181 0.0017209 0.0011467 0.0011472 0.0022950 0.0017210 0.0022933 0.0022928 0.0022939 0.0023341 0.0028710 0.0040217 0.0034716 0.0017225 0.0011604 0.0023278 0.0024981 0.0028745 0.0011833 0.0005739 0.0005747 0.0034814 0.0005745 0.0014483 0.0034462 0.0040412 0.0028720 0.0017365 0.0011687 0.0046050 0.0005773 0.0012747 0.0029340 0.0019019 0.0055907 0.0000010 0.0000010 
cov4415    0.0200136 0.0022944 0.0017194 0.0005722 0.0005736 0.0005722 0.0005722 0.0005719 0.0005726 0.0005726 0.0011571 0.0005725 0.0000023 0.0000000 0.0005722 0.0017259 0.0011458 0.0011453 0.0005866 0.0017193 0.0017221 0.0011475 0.0011480 0.0017211 0.0017222 0.0022946 0.0022940 0.0022951 0.0023354 0.0028725 0.0040233 0.0034716 0.0017225 0.0011604 0.0023278 0.0024981 0.0028745 0.0011833 0.0005739 0.0005747 0.0034814 0.0005745 0.0014483 0.0034462 0.0040412 0.0028720 0.0017379 0.0011687 0.0046050 0.0005773 0.0012747 0.0029340 0.0019019 0.0055907 0.0000010 0.0000010 
cov4402    0.0194186 0.0017202 0.0011461 0.0000023 0.0000023 0.0000023 0.0000023 0.0000023 0.0000010 0.0000010 0.0005777 0.0000023 0.0005722 0.0005722 0.0000000 0.0011503 0.0005727 0.0005724 0.0011761 0.0011459 0.0011477 0.0005735 0.0005737 0.0011470 0.0011478 0.0017204 0.0017199 0.0017208 0.0017510 0.0022973 0.0034480 0.0028920 0.0011479 0.0005792 0.0017453 0.0018729 0.0022989 0.0005908 0.0000010 0.0011518 0.0029002 0.0000023 0.0007239 0.0028709 0.0034627 0.0022968 0.0011582 0.0005833 0.0040281 0.0000010 0.0006371 0.0023464 0.0012673 0.0055907 0.0000010 0.0000010 
cov4484    0.0206956 0.0028807 0.0023030 0.0011497 0.0011497 0.0011497 0.0011497 0.0011497 0.0011497 0.0011497 0.0017367 0.0011497 0.0017259 0.0017259 0.0011503 0.0000000 0.0017257 0.0017258 0.0023544 0.0023026 0.0023038 0.0017259 0.0017258 0.0023026 0.0023026 0.0028809 0.0028802 0.0028801 0.0029324 0.0034623 0.0046191 0.0040615 0.0023031 0.0017416 0.0029115 0.0031245 0.0034587 0.0017760 0.0011497 0.0023058 0.0040640 0.0011503 0.0014482 0.0040384 0.0046212 0.0034597 0.0023276 0.0017542 0.0052007 0.0011562 0.0012746 0.0035229 0.0025382 0.0055907 0.0000010 0.0000010 
cov4409    0.0200323 0.0022965 0.0017210 0.0005727 0.0005735 0.0005727 0.0005727 0.0005724 0.0005731 0.0005731 0.0011569 0.0005724 0.0011464 0.0011458 0.0005727 0.0017257 0.0000000 0.0011457 0.0017645 0.0017209 0.0017218 0.0011485 0.0011491 0.0017227 0.0017229 0.0022967 0.0022961 0.0022960 0.0023376 0.0028751 0.0040270 0.0034710 0.0017240 0.0011602 0.0023274 0.0024976 0.0028771 0.0011831 0.0005738 0.0017280 0.0034808 0.0005744 0.0014480 0.0034494 0.0040405 0.0028730 0.0017395 0.0011686 0.0046092 0.0005772 0.0012745 0.0029335 0.0019016 0.0055907 0.0000010 0.0000010 
cov4487    0.0200235 0.0022955 0.0017202 0.0005725 0.0005735 0.0005725 0.0005725 0.0005722 0.0005728 0.0005728 0.0011570 0.0005725 0.0011459 0.0011453 0.0005724 0.0017258 0.0011457 0.0000000 0.0017647 0.0017201 0.0017220 0.0011480 0.0011486 0.0017219 0.0017231 0.0022957 0.0022952 0.0022963 0.0023365 0.0028739 0.0040252 0.0034714 0.0017233 0.0011603 0.0023277 0.0024980 0.0028759 0.0011832 0.0005739 0.0017282 0.0034812 0.0000023 0.0014482 0.0034479 0.0040410 0.0028718 0.0017388 0.0011687 0.0046072 0.0005772 0.0012746 0.0029338 0.0019018 0.0084169 0.0000010 0.0000010 
cov4483    0.0205499 0.0017645 0.0023549 0.0011756 0.0011756 0.0011756 0.0011756 0.0011756 0.0011756 0.0011756 0.0017647 0.0011756 0.0005866 0.0005866 0.0011761 0.0023544 0.0017645 0.0017647 0.0000000 0.0023544 0.0023557 0.0017648 0.0017647 0.0023544 0.0023544 0.0029459 0.0029452 0.0029450 0.0029997 0.0035405 0.0047234 0.0041293 0.0023550 0.0017645 0.0029453 0.0031355 0.0035367 0.0017764 0.0011756 0.0011771 0.0041298 0.0011764 0.0021747 0.0041295 0.0047256 0.0035378 0.0023558 0.0017648 0.0053183 0.0011762 0.0019138 0.0035467 0.0025389 0.0055907 0.0000010 0.0000010 
cov4474    0.0205894 0.0028679 0.0022927 0.0011430 0.0011485 0.0011445 0.0011451 0.0011445 0.0011467 0.0011467 0.0017367 0.0011457 0.0017181 0.0017193 0.0011459 0.0023026 0.0017209 0.0017201 0.0023544 0.0000000 0.0022963 0.0017210 0.0017219 0.0034455 0.0022964 0.0028665 0.0028658 0.0028672 0.0029174 0.0034449 0.0045959 0.0040499 0.0022983 0.0017416 0.0029115 0.0031245 0.0034492 0.0017760 0.0011497 0.0023058 0.0040640 0.0011503 0.0021741 0.0040203 0.0046212 0.0034483 0.0023158 0.0017542 0.0051835 0.0011562 0.0019133 0.0035229 0.0025382 0.0084169 0.0000010 0.0000010 
cov4433    0.0200346 0.0028744 0.0022979 0.0011465 0.0011499 0.0011465 0.0011470 0.0011464 0.0011485 0.0011485 0.0017369 0.0011464 0.0017209 0.0017221 0.0011477 0.0023038 0.0017218 0.0017220 0.0023557 0.0022963 0.0000000 0.0017233 0.0017245 0.0005733 0.0000023 0.0028730 0.0028723 0.0005727 0.0005831 0.0011477 0.0022968 0.0017329 0.0023020 0.0017426 0.0005800 0.0012478 0.0011491 0.0017762 0.0011496 0.0023070 0.0017371 0.0011516 0.0021741 0.0040285 0.0034630 0.0034521 0.0000023 0.0017551 0.0028764 0.0011564 0.0000010 0.0011716 0.0006325 0.0027868 0.0000010 0.0000010 
cov4420    0.0200370 0.0022983 0.0017225 0.0005725 0.0005738 0.0005726 0.0005728 0.0005725 0.0005732 0.0005732 0.0011571 0.0005732 0.0011467 0.0011475 0.0005735 0.0017259 0.0011485 0.0011480 0.0017648 0.0017210 0.0017233 0.0000000 0.0011466 0.0022977 0.0017222 0.0011467 0.0022966 0.0022977 0.0023380 0.0028758 0.0040285 0.0034774 0.0017235 0.0011604 0.0023278 0.0024981 0.0028759 0.0011833 0.0005739 0.0017283 0.0034814 0.0005745 0.0014483 0.0034520 0.0040412 0.0028767 0.0017395 0.0011687 0.0046099 0.0005773 0.0012747 0.0029340 0.0019019 0.0055907 0.0000010 0.0000010 
cov4406    0.0200469 0.0022994 0.0017234 0.0005728 0.0005741 0.0005729 0.0005728 0.0005728 0.0005735 0.0005735 0.0011570 0.0005734 0.0011472 0.0011480 0.0005737 0.0017258 0.0011491 0.0011486 0.0017647 0.0017219 0.0017245 0.0011466 0.0000000 0.0022976 0.0017221 0.0022983 0.0022977 0.0022988 0.0023392 0.0028772 0.0028749 0.0023149 0.0017234 0.0011603 0.0023277 0.0024980 0.0028757 0.0011832 0.0005739 0.0017282 0.0034812 0.0005744 0.0014482 0.0034537 0.0040410 0.0028781 0.0017403 0.0011687 0.0034545 0.0005772 0.0012746 0.0029338 0.0019018 0.0055907 0.0000010 0.0000010 
cov4449    0.0218237 0.0034481 0.0028715 0.0022938 0.0011497 0.0017196 0.0017196 0.0017196 0.0011478 0.0011478 0.0017367 0.0017215 0.0022950 0.0017211 0.0011470 0.0023026 0.0017227 0.0017219 0.0023544 0.0034455 0.0005733 0.0022977 0.0022976 0.0000000 0.0005724 0.0040234 0.0040225 0.0017200 0.0017501 0.0022962 0.0034463 0.0023110 0.0022994 0.0017416 0.0005799 0.0012471 0.0017220 0.0017760 0.0011497 0.0023058 0.0017369 0.0011503 0.0021741 0.0046036 0.0034611 0.0034519 0.0011577 0.0017542 0.0028747 0.0011562 0.0000010 0.0011710 0.0006325 0.0027868 0.0000010 0.0000010 
cov4386    0.0206384 0.0028745 0.0022980 0.0011464 0.0011497 0.0011457 0.0011464 0.0011464 0.0011478 0.0011478 0.0017367 0.0011477 0.0017210 0.0017222 0.0011478 0.0023026 0.0017229 0.0017231 0.0023544 0.0022964 0.0000023 0.0017222 0.0017221 0.0005724 0.0000000 0.0028731 0.0028725 0.0005727 0.0005828 0.0011476 0.0022969 0.0017337 0.0022994 0.0017416 0.0005799 0.0012471 0.0011478 0.0017760 0.0011497 0.0023058 0.0017369 0.0011503 0.0021741 0.0040290 0.0034611 0.0034541 0.0000023 0.0017542 0.0028766 0.0011562 0.0000010 0.0011710 0.0006325 0.0027868 0.0000010 0.0000010 
cov4493    0.0211978 0.0034446 0.0028685 0.0017175 0.0017249 0.0017184 0.0017193 0.0017184 0.0017216 0.0017216 0.0023177 0.0017202 0.0022933 0.0022946 0.0017204 0.0028809 0.0022967 0.0022957 0.0029459 0.0028665 0.0028730 0.0011467 0.0022983 0.0040234 0.0028731 0.0000000 0.0034422 0.0034438 0.0035042 0.0040228 0.0051752 0.0046328 0.0028755 0.0023243 0.0034971 0.0031251 0.0040278 0.0023702 0.0017261 0.0028849 0.0046489 0.0017276 0.0021746 0.0045989 0.0040417 0.0040262 0.0028975 0.0023411 0.0046053 0.0017360 0.0019137 0.0041139 0.0031761 0.0055907 0.0000010 0.0000010 
cov4393    0.0211927 0.0034438 0.0028679 0.0017171 0.0017245 0.0017179 0.0017189 0.0017179 0.0017212 0.0017212 0.0023172 0.0017198 0.0022928 0.0022940 0.0017199 0.0028802 0.0022961 0.0022952 0.0029452 0.0028658 0.0028723 0.0022966 0.0022977 0.0040225 0.0028725 0.0034422 0.0000000 0.0034430 0.0029171 0.0040219 0.0051740 0.0046317 0.0028748 0.0023238 0.0034962 0.0031241 0.0040268 0.0023697 0.0017257 0.0028842 0.0046478 0.0017272 0.0021742 0.0045979 0.0052024 0.0040252 0.0028968 0.0023405 0.0057635 0.0017356 0.0025530 0.0041129 0.0025379 0.0055907 0.0000010 0.0000010 
cov4388    0.0212030 0.0034455 0.0028692 0.0017179 0.0017244 0.0017188 0.0017197 0.0017188 0.0017220 0.0017220 0.0023170 0.0017197 0.0022939 0.0022951 0.0017208 0.0028801 0.0022960 0.0022963 0.0029450 0.0028672 0.0005727 0.0022977 0.0022988 0.0017200 0.0005727 0.0034438 0.0034430 0.0000000 0.0011643 0.0017197 0.0028679 0.0023092 0.0028762 0.0023236 0.0011621 0.0018720 0.0017216 0.0023695 0.0017256 0.0028840 0.0023173 0.0017270 0.0029011 0.0046001 0.0040405 0.0040272 0.0005775 0.0023404 0.0034502 0.0017355 0.0006368 0.0017576 0.0012666 0.0027868 0.0000010 0.0053401 
cov4441    0.0215848 0.0035059 0.0029195 0.0017480 0.0017558 0.0017489 0.0017499 0.0017489 0.0017522 0.0017522 0.0023593 0.0017509 0.0023341 0.0023354 0.0017510 0.0029324 0.0023376 0.0023365 0.0029997 0.0029174 0.0005831 0.0023380 0.0023392 0.0017501 0.0005828 0.0035042 0.0029171 0.0011643 0.0000000 0.0017498 0.0029181 0.0023513 0.0029267 0.0023662 0.0011834 0.0018946 0.0017518 0.0024138 0.0017569 0.0029365 0.0023596 0.0017586 0.0021935 0.0046809 0.0041140 0.0040981 0.0005875 0.0023836 0.0035108 0.0017661 0.0006429 0.0005950 0.0012777 0.0027868 0.0000010 0.0000010 
cov4475    0.0218198 0.0040248 0.0034474 0.0022934 0.0023041 0.0022949 0.0022961 0.0022949 0.0022989 0.0022989 0.0029015 0.0022974 0.0028710 0.0028725 0.0022973 0.0034623 0.0028751 0.0028739 0.0035405 0.0034449 0.0011477 0.0028758 0.0028772 0.0022962 0.0011476 0.0040228 0.0040219 0.0017197 0.0017498 0.0000000 0.0034458 0.0028918 0.0034558 0.0029098 0.0017463 0.0000010 0.0022986 0.0029674 0.0023050 0.0034671 0.0029019 0.0023076 0.0029011 0.0051815 0.0046260 0.0046087 0.0011575 0.0029308 0.0040297 0.0023181 0.0012761 0.0023477 0.0019040 0.0000010 0.0044333 0.0000010 
cov4416    0.0230132 0.0051778 0.0045993 0.0034422 0.0034582 0.0034444 0.0034463 0.0034444 0.0034504 0.0034504 0.0040645 0.0034482 0.0040217 0.0040233 0.0034480 0.0046191 0.0040270 0.0040252 0.0047234 0.0045959 0.0022968 0.0040285 0.0028749 0.0034463 0.0022969 0.0051752 0.0051740 0.0028679 0.0029181 0.0034458 0.0000000 0.0017309 0.0046102 0.0040761 0.0029122 0.0031254 0.0034500 0.0041569 0.0034595 0.0046255 0.0040650 0.0034635 0.0043605 0.0063368 0.0057859 0.0057645 0.0023164 0.0041056 0.0040265 0.0034793 0.0025538 0.0035237 0.0031763 0.0027868 0.0044375 0.0000010 
cov4380    0.0219702 0.0046325 0.0040506 0.0028887 0.0028957 0.0028906 0.0028906 0.0028906 0.0028941 0.0028941 0.0034808 0.0028906 0.0034716 0.0034716 0.0028920 0.0040615 0.0034710 0.0034714 0.0041293 0.0040499 0.0017329 0.0034774 0.0023149 0.0023110 0.0017337 0.0046328 0.0046317 0.0023092 0.0023513 0.0028918 0.0017309 0.0000000 0.0040576 0.0034907 0.0023277 0.0031249 0.0028922 0.0035598 0.0028971 0.0040672 0.0034812 0.0029004 0.0036303 0.0057983 0.0052329 0.0052191 0.0017391 0.0035159 0.0034743 0.0029069 0.0012748 0.0029338 0.0025385 0.0027868 0.0000010 0.0000010 
cov4419    0.0206556 0.0028753 0.0022987 0.0011475 0.0011494 0.0011475 0.0011474 0.0011474 0.0011474 0.0011474 0.0017371 0.0011486 0.0017225 0.0017225 0.0011479 0.0023031 0.0017240 0.0017233 0.0023550 0.0022983 0.0023020 0.0017235 0.0017234 0.0022994 0.0022994 0.0028755 0.0028748 0.0028762 0.0029267 0.0034558 0.0046102 0.0040576 0.0000000 0.0017420 0.0029122 0.0031253 0.0034522 0.0017764 0.0011500 0.0023063 0.0040650 0.0011506 0.0021747 0.0040302 0.0046222 0.0034551 0.0023231 0.0017546 0.0051910 0.0011565 0.0019138 0.0035237 0.0025388 0.0055907 0.0044393 0.0000010 
cov4464    0.0184449 0.0017417 0.0017419 0.0005789 0.0005789 0.0005789 0.0005789 0.0005789 0.0005789 0.0005789 0.0011609 0.0005789 0.0011604 0.0011604 0.0005792 0.0017416 0.0011602 0.0011603 0.0017645 0.0017416 0.0017426 0.0011604 0.0011603 0.0017416 0.0017416 0.0023243 0.0023238 0.0023236 0.0023662 0.0029098 0.0040761 0.0034907 0.0017420 0.0000000 0.0023274 0.0024976 0.0029067 0.0011831 0.0005789 0.0017440 0.0034929 0.0005794 0.0014480 0.0034909 0.0040780 0.0029076 0.0017444 0.0011686 0.0046622 0.0005809 0.0012745 0.0029335 0.0019016 0.0055907 0.0000010 0.0000010 
cov4389    0.0209211 0.0029117 0.0029120 0.0017445 0.0017445 0.0017445 0.0017445 0.0017445 0.0017445 0.0017445 0.0023277 0.0017445 0.0023278 0.0023278 0.0017453 0.0029115 0.0023274 0.0023277 0.0029453 0.0029115 0.0005800 0.0023278 0.0023277 0.0005799 0.0005799 0.0034971 0.0034962 0.0011621 0.0011834 0.0017463 0.0029122 0.0023277 0.0029122 0.0023274 0.0000000 0.0018722 0.0017445 0.0023698 0.0017445 0.0029155 0.0023280 0.0017447 0.0029015 0.0046687 0.0040847 0.0040831 0.0005802 0.0023407 0.0034975 0.0017496 0.0006369 0.0017578 0.0012668 0.0027868 0.0000010 0.0000010 
cov4478    0.0204923 0.0024976 0.0024981 0.0018720 0.0018720 0.0018720 0.0018720 0.0018720 0.0018720 0.0018720 0.0024980 0.0018720 0.0024981 0.0024981 0.0018729 0.0031245 0.0024976 0.0024980 0.0031355 0.0031245 0.0012478 0.0024981 0.0024980 0.0012471 0.0012471 0.0031251 0.0031241 0.0018720 0.0018946 0.0000010 0.0031254 0.0031249 0.0031253 0.0024976 0.0018722 0.0000000 0.0024980 0.0025239 0.0018720 0.0031292 0.0031254 0.0018733 0.0022850 0.0037526 0.0043840 0.0043821 0.0012479 0.0024981 0.0043827 0.0018720 0.0013300 0.0024980 0.0019381 0.0000010 0.0044333 0.0000010 
cov4373    0.0218473 0.0040275 0.0034498 0.0022962 0.0023029 0.0022977 0.0022977 0.0022977 0.0022977 0.0022977 0.0028985 0.0023002 0.0028745 0.0028745 0.0022989 0.0034587 0.0028771 0.0028759 0.0035367 0.0034492 0.0011491 0.0028759 0.0028757 0.0017220 0.0011478 0.0040278 0.0040268 0.0017216 0.0017518 0.0022986 0.0034500 0.0028922 0.0034522 0.0029067 0.0017445 0.0024980 0.0000000 0.0029642 0.0023026 0.0034634 0.0028988 0.0023052 0.0036298 0.0051851 0.0046212 0.0046122 0.0011585 0.0029277 0.0040309 0.0023157 0.0012746 0.0023453 0.0019018 0.0055907 0.0044375 0.0053461 
cov4479    0.0200630 0.0011831 0.0017763 0.0005905 0.0005905 0.0005905 0.0005905 0.0005905 0.0005905 0.0005905 0.0011832 0.0005905 0.0011833 0.0011833 0.0005908 0.0017760 0.0011831 0.0011832 0.0017764 0.0017760 0.0017762 0.0011833 0.0011832 0.0017760 0.0017760 0.0023702 0.0023697 0.0023695 0.0024138 0.0029674 0.0041569 0.0035598 0.0017764 0.0011831 0.0023698 0.0025239 0.0029642 0.0000000 0.0005905 0.0017785 0.0035603 0.0005907 0.0014482 0.0035600 0.0041588 0.0029651 0.0017770 0.0011833 0.0047547 0.0005908 0.0012746 0.0029727 0.0019018 0.0084169 0.0000010 0.0000010 
cov4445    0.0194853 0.0017260 0.0011499 0.0000010 0.0000023 0.0000010 0.0000010 0.0000010 0.0000010 0.0000010 0.0005774 0.0000010 0.0005739 0.0005739 0.0000010 0.0011497 0.0005738 0.0005739 0.0011756 0.0011497 0.0011496 0.0005739 0.0005739 0.0011497 0.0011497 0.0017261 0.0017257 0.0017256 0.0017569 0.0023050 0.0034595 0.0028971 0.0011500 0.0005789 0.0017445 0.0018720 0.0023026 0.0005905 0.0000000 0.0011513 0.0028988 0.0000023 0.0007234 0.0028806 0.0034611 0.0023033 0.0011621 0.0005830 0.0040394 0.0000010 0.0006368 0.0023453 0.0012666 0.0055907 0.0000010 0.0000010 
cov4414    0.0207249 0.0028847 0.0023062 0.0011513 0.0011513 0.0011513 0.0011513 0.0011513 0.0011513 0.0011513 0.0017391 0.0011513 0.0005747 0.0005747 0.0011518 0.0023058 0.0017280 0.0017282 0.0011771 0.0023058 0.0023070 0.0017283 0.0017282 0.0023058 0.0023058 0.0028849 0.0028842 0.0028840 0.0029365 0.0034671 0.0046255 0.0040672 0.0023063 0.0017440 0.0029155 0.0031292 0.0034634 0.0017785 0.0011513 0.0000000 0.0040697 0.0011519 0.0021747 0.0040439 0.0046276 0.0034645 0.0023308 0.0017566 0.0052079 0.0011578 0.0019138 0.0035278 0.0025388 0.0055907 0.0000010 0.0000010 
cov4482    0.0220493 0.0046487 0.0040647 0.0028988 0.0028988 0.0028988 0.0028988 0.0028988 0.0028988 0.0028988 0.0034812 0.0028988 0.0034814 0.0034814 0.0029002 0.0040640 0.0034808 0.0034812 0.0041298 0.0040640 0.0017371 0.0034814 0.0034812 0.0017369 0.0017369 0.0046489 0.0046478 0.0023173 0.0023596 0.0029019 0.0040650 0.0034812 0.0040650 0.0034929 0.0023280 0.0031254 0.0028988 0.0035603 0.0028988 0.0040697 0.0000000 0.0029008 0.0036303 0.0058186 0.0052361 0.0052341 0.0017456 0.0035164 0.0046496 0.0029073 0.0019138 0.0029342 0.0025389 0.0027868 0.0000010 0.0000010 
cov4488    0.0195083 0.0017275 0.0011505 0.0000023 0.0000023 0.0000023 0.0000023 0.0000023 0.0000023 0.0000023 0.0005777 0.0000023 0.0005745 0.0005745 0.0000023 0.0011503 0.0005744 0.0000023 0.0011764 0.0011503 0.0011516 0.0005745 0.0005744 0.0011503 0.0011503 0.0017276 0.0017272 0.0017270 0.0017586 0.0023076 0.0034635 0.0029004 0.0011506 0.0005794 0.0017447 0.0018733 0.0023052 0.0005907 0.0000023 0.0011519 0.0029008 0.0000000 0.0007240 0.0028839 0.0034651 0.0023059 0.0011635 0.0005843 0.0040441 0.0000023 0.0006373 0.0023467 0.0012681 0.0056088 0.0000010 0.0000010 
cov4491    0.0208446 0.0014480 0.0014482 0.0007234 0.0007234 0.0007234 0.0007234 0.0007234 0.0007234 0.0007234 0.0014482 0.0007234 0.0014483 0.0014483 0.0007239 0.0014482 0.0014480 0.0014482 0.0021747 0.0021741 0.0021741 0.0014483 0.0014482 0.0021741 0.0021741 0.0021746 0.0021742 0.0029011 0.0021935 0.0029011 0.0043605 0.0036303 0.0021747 0.0014480 0.0029015 0.0022850 0.0036298 0.0014482 0.0007234 0.0021747 0.0036303 0.0007240 0.0000000 0.0021741 0.0036322 0.0021749 0.0021741 0.0014483 0.0050924 0.0007234 0.0014665 0.0021741 0.0022579 0.0055907 0.0054487 0.0053461 
cov4417    0.0224164 0.0045987 0.0040210 0.0028677 0.0028795 0.0028695 0.0028711 0.0028695 0.0028729 0.0028729 0.0034810 0.0028726 0.0034462 0.0034462 0.0028709 0.0040384 0.0034494 0.0034479 0.0041295 0.0040203 0.0040285 0.0034520 0.0034537 0.0046036 0.0040290 0.0045989 0.0045979 0.0046001 0.0046809 0.0051815 0.0063368 0.0057983 0.0040302 0.0034909 0.0046687 0.0037526 0.0051851 0.0035600 0.0028806 0.0040439 0.0058186 0.0028839 0.0021741 0.0000000 0.0063681 0.0051837 0.0040638 0.0035161 0.0069266 0.0028970 0.0031943 0.0052960 0.0038140 0.0055907 0.0044393 0.0000010 
cov4494    0.0231433 0.0052034 0.0046220 0.0034611 0.0034633 0.0034611 0.0034611 0.0034611 0.0034611 0.0034611 0.0040664 0.0034611 0.0040412 0.0040412 0.0034627 0.0046212 0.0040405 0.0040410 0.0047256 0.0046212 0.0034630 0.0040412 0.0040410 0.0034611 0.0034611 0.0040417 0.0052024 0.0040405 0.0041140 0.0046260 0.0057859 0.0052329 0.0046222 0.0040780 0.0040847 0.0043840 0.0046212 0.0041588 0.0034611 0.0046276 0.0052361 0.0034651 0.0036322 0.0063681 0.0000000 0.0057863 0.0034987 0.0041075 0.0052043 0.0034809 0.0019144 0.0047071 0.0038161 0.0055954 0.0000010 0.0000010 
cov4490    0.0218425 0.0040266 0.0034489 0.0022957 0.0023024 0.0022957 0.0022969 0.0022957 0.0022984 0.0022984 0.0028994 0.0022969 0.0028720 0.0028720 0.0022968 0.0034597 0.0028730 0.0028718 0.0035378 0.0034483 0.0034521 0.0028767 0.0028781 0.0034519 0.0034541 0.0040262 0.0040252 0.0040272 0.0040981 0.0046087 0.0057645 0.0052191 0.0034551 0.0029076 0.0040831 0.0043821 0.0046122 0.0029651 0.0023033 0.0034645 0.0052341 0.0023059 0.0021749 0.0051837 0.0057863 0.0000000 0.0034857 0.0029286 0.0063497 0.0023164 0.0031947 0.0047052 0.0038145 0.0055907 0.0044375 0.0053461 
cov4399    0.0202034 0.0023172 0.0023174 0.0011563 0.0011609 0.0011565 0.0011572 0.0011565 0.0011590 0.0011590 0.0017454 0.0011578 0.0017365 0.0017379 0.0011582 0.0023276 0.0017395 0.0017388 0.0023558 0.0023158 0.0000023 0.0017395 0.0017403 0.0011577 0.0000023 0.0028975 0.0028968 0.0005775 0.0005875 0.0011575 0.0023164 0.0017391 0.0023231 0.0017444 0.0005802 0.0012479 0.0011585 0.0017770 0.0011621 0.0023308 0.0017456 0.0011635 0.0021741 0.0040638 0.0034987 0.0034857 0.0000000 0.0017551 0.0029028 0.0011661 0.0000010 0.0011716 0.0006325 0.0027868 0.0000010 0.0000010 
cov4404    0.0198098 0.0011685 0.0017545 0.0005830 0.0005830 0.0005830 0.0005830 0.0005830 0.0005830 0.0005830 0.0011687 0.0005830 0.0011687 0.0011687 0.0005833 0.0017542 0.0011686 0.0011687 0.0017648 0.0017542 0.0017551 0.0011687 0.0011687 0.0017542 0.0017542 0.0023411 0.0023405 0.0023404 0.0023836 0.0029308 0.0041056 0.0035159 0.0017546 0.0011686 0.0023407 0.0024981 0.0029277 0.0011833 0.0005830 0.0017566 0.0035164 0.0005843 0.0014483 0.0035161 0.0041075 0.0029286 0.0017551 0.0000000 0.0046960 0.0005833 0.0012747 0.0029360 0.0019019 0.0055907 0.0000010 0.0000010 
cov4492    0.0236653 0.0057646 0.0051845 0.0040255 0.0040379 0.0040255 0.0040283 0.0040261 0.0040287 0.0040287 0.0046490 0.0040305 0.0046050 0.0046050 0.0040281 0.0052007 0.0046092 0.0046072 0.0053183 0.0051835 0.0028764 0.0046099 0.0034545 0.0028747 0.0028766 0.0046053 0.0057635 0.0034502 0.0035108 0.0040297 0.0040265 0.0034743 0.0051910 0.0046622 0.0034975 0.0043827 0.0040309 0.0047547 0.0040394 0.0052079 0.0046496 0.0040441 0.0050924 0.0069266 0.0052043 0.0063497 0.0029028 0.0046960 0.0000000 0.0040625 0.0025540 0.0041144 0.0038150 0.0055987 0.0000010 0.0000010 
cov4448    0.0195993 0.0017359 0.0011564 0.0000010 0.0000023 0.0000010 0.0000010 0.0000010 0.0000010 0.0000010 0.0005791 0.0000010 0.0005773 0.0005773 0.0000010 0.0011562 0.0005772 0.0005772 0.0011762 0.0011562 0.0011564 0.0005773 0.0005772 0.0011562 0.0011562 0.0017360 0.0017356 0.0017355 0.0017661 0.0023181 0.0034793 0.0029069 0.0011565 0.0005809 0.0017496 0.0018720 0.0023157 0.0005908 0.0000010 0.0011578 0.0029073 0.0000023 0.0007234 0.0028970 0.0034809 0.0023164 0.0011661 0.0005833 0.0040625 0.0000000 0.0006372 0.0023481 0.0012666 0.0055907 0.0000010 0.0000010 
cov4438    0.0182822 0.0012745 0.0019137 0.0006368 0.0006368 0.0006368 0.0006368 0.0006368 0.0006368 0.0006368 0.0012746 0.0006368 0.0012747 0.0012747 0.0006371 0.0012746 0.0012745 0.0012746 0.0019138 0.0019133 0.0000010 0.0012747 0.0012746 0.0000010 0.0000010 0.0019137 0.0025530 0.0006368 0.0006429 0.0012761 0.0025538 0.0012748 0.0019138 0.0012745 0.0006369 0.0013300 0.0012746 0.0012746 0.0006368 0.0019138 0.0019138 0.0006373 0.0014665 0.0031943 0.0019144 0.0031947 0.0000010 0.0012747 0.0025540 0.0006372 0.0000000 0.0012747 0.0006520 0.0027868 0.0000010 0.0000010 
cov4437    0.0217023 0.0029335 0.0035235 0.0023453 0.0023453 0.0023453 0.0023453 0.0023453 0.0023453 0.0023453 0.0029338 0.0023453 0.0029340 0.0029340 0.0023464 0.0035229 0.0029335 0.0029338 0.0035467 0.0035229 0.0011716 0.0029340 0.0029338 0.0011710 0.0011710 0.0041139 0.0041129 0.0017576 0.0005950 0.0023477 0.0035237 0.0029338 0.0035237 0.0029335 0.0017578 0.0024980 0.0023453 0.0029727 0.0023453 0.0035278 0.0029342 0.0023467 0.0021741 0.0052960 0.0047071 0.0047052 0.0011716 0.0029360 0.0041144 0.0023481 0.0012747 0.0000000 0.0019018 0.0027868 0.0044375 0.0000010 
cov4385    0.0201693 0.0019016 0.0025387 0.0012666 0.0012666 0.0012666 0.0012666 0.0012666 0.0012666 0.0012666 0.0019018 0.0012666 0.0019019 0.0019019 0.0012673 0.0025382 0.0019016 0.0019018 0.0025389 0.0025382 0.0006325 0.0019019 0.0019018 0.0006325 0.0006325 0.0031761 0.0025379 0.0012666 0.0012777 0.0019040 0.0031763 0.0025385 0.0025388 0.0019016 0.0012668 0.0019381 0.0019018 0.0019018 0.0012666 0.0025388 0.0025389 0.0012681 0.0022579 0.0038140 0.0038161 0.0038145 0.0006325 0.0019019 0.0038150 0.0012666 0.0006520 0.0019018 0.0000000 0.0027868 0.0000010 0.0000010 
cov4471    0.0229293 0.0055907 0.0055907 0.0055907 0.0055907 0.0055907 0.0055907 0.0055907 0.0055907 0.0055907 0.0055907 0.0055907 0.0055907 0.0055907 0.0055907 0.0055907 0.0055907 0.0084169 0.0055907 0.0084169 0.0027868 0.0055907 0.0055907 0.0027868 0.0027868 0.0055907 0.0055907 0.0027868 0.0027868 0.0000010 0.0027868 0.0027868 0.0055907 0.0055907 0.0027868 0.0000010 0.0055907 0.0084169 0.0055907 0.0055907 0.0027868 0.0056088 0.0055907 0.0055907 0.0055954 0.0055907 0.0027868 0.0055907 0.0055987 0.0055907 0.0027868 0.0027868 0.0027868 0.0000000 0.0100499 0.0000010 
cov3903    0.0044333 0.0000010 0.0000010 0.0000010 0.0000010 0.0000010 0.0000010 0.0000010 0.0000010 0.0000010 0.0000010 0.0000010 0.0000010 0.0000010 0.0000010 0.0000010 0.0000010 0.0000010 0.0000010 0.0000010 0.0000010 0.0000010 0.0000010 0.0000010 0.0000010 0.0000010 0.0000010 0.0000010 0.0000010 0.0044333 0.0044375 0.0000010 0.0044393 0.0000010 0.0000010 0.0044333 0.0044375 0.0000010 0.0000010 0.0000010 0.0000010 0.0000010 0.0054487 0.0044393 0.0000010 0.0044375 0.0000010 0.0000010 0.0000010 0.0000010 0.0000010 0.0044375 0.0000010 0.0100499 0.0000000 0.0000010 
cov3904    0.0053461 0.0000010 0.0000010 0.0000010 0.0000010 0.0000010 0.0000010 0.0000010 0.0000010 0.0000010 0.0053461 0.0000010 0.0000010 0.0000010 0.0000010 0.0000010 0.0000010 0.0000010 0.0000010 0.0000010 0.0000010 0.0000010 0.0000010 0.0000010 0.0000010 0.0000010 0.0000010 0.0053401 0.0000010 0.0000010 0.0000010 0.0000010 0.0000010 0.0000010 0.0000010 0.0000010 0.0053461 0.0000010 0.0000010 0.0000010 0.0000010 0.0000010 0.0053461 0.0000010 0.0000010 0.0053461 0.0000010 0.0000010 0.0000010 0.0000010 0.0000010 0.0000010 0.0000010 0.0000010 0.0000010 0.0000000 
